%% 1.a
T = [0.7, 0.8;
    0.3, 0.2];

v = [1; 0];

T2 = T^2;
v2 = T2 * v
%% 1.b
T = [0.7, 0.8;
    0.3, 0.2];

v = [0; 1];

T1 = T^1;
v1 = T1 * v
